   2.0000000000000000E-002   1.5733948047014215        1.2273107457335646        78.538405109469949        61.164927040790609        99.546116835587583       0.66167357186457931     
   4.0000000000000001E-002   3.1415568424737845        2.4466197095582292        78.277798667766348        60.765969341675849        99.095493309760826       0.66011308506965782     
   5.9999999999999998E-002   4.7045271568043834        3.6579718851556264        78.019232765293538        60.369248218063873        98.648095834127787       0.65854361787314597     
   8.0000000000000002E-002   6.2623463291933428        4.8614117457223536        77.762684473602349        59.974737838608881        98.203891345256281       0.65696513264098499     
  0.10000000000000001        7.8150544859264697        6.0569832516151436        77.508131199710306        59.582412750670116        97.762847295190426       0.65537759160686071     
  0.12000000000000001        9.3626913047224711        7.2447298578554715        77.255550679889879        59.192247873362689        97.324931642178115       0.65378095687413040     
  0.14000000000000001        10.905296021257303        8.4246945214967184        77.004920973593244        58.804218490761961        96.890112841603255       0.65217519041780925     
  0.16000000000000000        12.442907435568339        9.5969197088569143        76.756220457510238        58.418300245257555        96.458359837118181       0.65056025408661888     
  0.17999999999999999        13.975563918341001        10.761447402620021        76.509427819755985        58.034469131053228        96.029642051970711       0.64893610960509673     
  0.19999999999999998        15.503303417080410        11.918319108808642        76.264522054184908        57.652701487808855        95.603929380521038       0.64730271857576893     
  0.21999999999999997        17.026163462170540        13.067575863630941        76.021482454827989        57.272973994420965        95.181192179943508       0.64566004248138809     
  0.23999999999999996        18.544181172823322        14.209258240204534        75.780288610450086        56.895263662938305        94.761401262108706       0.64400804268723544     
  0.25999999999999995        20.057393262920066        15.343406355160008        75.540920399224305        56.519547832609064        94.344527885641185       0.64234668044349130     
  0.27999999999999997        21.565836046747513        16.470059875126662        75.303357983520584        56.145804164056486        93.930543748148480       0.64067591688767100     
  0.29999999999999999        23.069545444630773        17.589258023103021        75.067581804805471        55.774010633579593        93.519420978617120       0.63899571304713254     
  0.32000000000000001        24.568556988465332        18.701039584714579        74.833572578650461        55.404145527576006        93.111132129971267       0.63730602984165241     
  0.34000000000000002        26.062905827150299        19.805442914361176        74.601311289846180        55.036187437083797        92.705650171790239       0.63560682808607383     
  0.36000000000000004        27.552626731924960        20.902505941256408        74.370779187619732        54.670115252439416        92.302948483180643       0.63389806849302743     
  0.38000000000000006        29.037754101610684        21.992266175361291        74.141957780952765        54.305908158048901        91.903000845799511       0.63217971167572595     
  0.40000000000000008        30.518321967760187        23.074760713214474        73.914828833997689        53.943545627269529        91.505781437024439       0.63045171815083390     
  0.42000000000000010        31.994363999716061        24.150026243661163        73.689374361589728        53.583007417399294        91.111264823267518       0.62871404834141409     
  0.44000000000000011        33.465913509580481        25.218099053482870        73.465576624852403        53.224273564771501        90.719425953429038       0.62696666257995126     
  0.46000000000000013        34.933003457097946        26.279015032930104        73.243418126894255        52.867324379952024        90.330240152487875       0.62520952111145545     
  0.48000000000000015        36.395666454452837        27.332809681159990        73.022881608594545        52.512140443036671        89.943683115225070       0.62344258409664455     
  0.50000000000000011        37.853934770983543        28.379518111580818        72.803950044475741        52.158702599046315        89.559730900077412       0.62166581161520995     
  0.52000000000000013        39.307840337814909        29.419175057105456        72.586606638660882        51.806991953417388        89.178359923117796       0.61987916366916374     
  0.54000000000000015        40.757414752410654        30.451814875315485        72.370834820913544        51.456989867585527        88.799546952159346       0.61808260018627081     
  0.56000000000000016        42.202689283047377        31.477471553537942        72.156618242758654        51.108677954660081        88.423269100980249       0.61627608102356612     
  0.58000000000000018        43.643694873211786        32.496178713836414        71.943940773682115        50.762038075187405        88.049503823666470       0.61445956597095930     
  0.60000000000000020        45.080462145922681        33.507969617918299        71.732786497407389        50.417052333000797        87.678228909069404       0.61263301475492726     
  0.62000000000000022        46.513021407979224        34.512877171959857        71.523139708247214        50.073703071155016        87.309422475375754       0.61079638704229633     
  0.64000000000000024        47.941402654136986        35.510933931350841        71.314984907528796        49.731972867943483        86.943062964787060       0.60894964244411498     
  0.66000000000000025        49.365635571213183        36.502172105360238        71.108306800090531        49.391844532996124        86.579129138305959       0.60709274051961970     
  0.68000000000000027        50.785749542122574        37.486623561724763        70.903090290848823        49.053301103456079        86.217600070627029       0.60522564078029395     
  0.70000000000000029        52.201773649845393        38.464319831161660        70.699320481433219        48.716325840233353        85.858455145129355       0.60334830269402251     
  0.72000000000000031        53.613736681328611        39.435292111807328        70.496982666888343        48.380902224333710        85.501674048968738       0.60146068568934108     
  0.74000000000000032        55.021667131321905        40.399571273583277        70.296062332441011        48.047013953261043        85.147236768266851       0.59956274915978602     
  0.76000000000000034        56.425593206149628        41.357187862490804        70.096545150331110        47.714644937491492        84.795123583395352       0.59765445246834137     
  0.78000000000000036        57.825542827419987        42.308172104835897        69.898416976704738        47.383779297017746        84.445315064352584       0.59573575495198661     
  0.80000000000000038        59.221543635672717        43.252553911385696        69.701663848568160        47.054401357961865        84.097792066230596       0.59380661592634765     
  0.82000000000000040        60.613622993966409        44.190362881457865        69.506271980801259        46.726495649255106        83.752535724770595       0.59186699469044990     
  0.84000000000000041        62.001807991406714        45.121628306944245        69.312227763229004        46.400046899383184        83.409527452004497       0.58991685053157716     
  0.86000000000000043        63.386125446616504        46.046379176270030        69.119517757749776        46.075040033195570        83.068748931980807       0.58795614273023600     
  0.88000000000000045        64.766601911149195        46.964644178289760        68.928128695519177        45.751460168777285        82.730182116572607       0.58598483056522765     
  0.90000000000000047        66.143263672846274        47.876451706121351        68.738047474188022        45.429292614381886        82.393809221366013       0.58400287331883016     
  0.92000000000000048        67.516136759140082        48.781829860919409        68.549261155193435        45.108522865424185        82.059612721627005       0.58201023028208931     
  0.94000000000000050        68.885246940303034        49.680806455588964        68.361756961101804        44.789136601531474        81.727575348344928       0.58000686076022256     
  0.96000000000000052        70.250619732644083        50.573409018440799        68.175522273002343        44.471119683651843        81.397680084350839       0.57799272407813518     
  0.98000000000000054        71.612280401653607        51.459664796789504        67.990544627950300        44.154458151218414        81.069910160508996       0.57596777958605216     
   1.0000000000000004        72.970253965097697        52.339600760495372        67.806811716458569        43.839138219368238        80.744249051979764       0.57393198666526490     
   1.0200000000000005        74.324565196062650        53.213243605451204        67.624311380036758        43.525146276214606        80.420680474552370       0.57188530473399646     
   1.0400000000000005        75.675238625950783        54.080619757015064        67.443031608776579        43.212468880171684        80.099188381045678       0.56982769325338412     
   1.0600000000000005        77.022298547428377        54.941755373390080        67.262960538982568        42.901092757330254        79.779756957775831       0.56775911173358340     
   1.0800000000000005        78.365769017326670        55.796676348952218        67.084086450847224        42.591004798883496        79.462370621088709       0.56567951973999253     
   1.1000000000000005        79.705673859496841        56.645408317527071        66.906397766169405        42.282192058601716        79.147014013956081       0.56358887689960036     
   1.1200000000000006        81.042036667619683        57.487976655616635        66.729883046115333        41.974641750354948        78.833672002633946       0.56148714290745749     
   1.1400000000000006        82.374880807971053        58.324406485577008        66.554530989020947        41.668341245682427        78.522329673381378       0.55937427753327462     
   1.1600000000000006        83.704229422143612        59.154722678747909        66.380330428235041        41.363278071407876        78.212972329238823       0.55725024062814543     
   1.1800000000000006        85.030105429725978        59.978949858534982        66.207270330002061        41.059439907299691        77.905585486864325       0.55511499213139914     
   1.2000000000000006        86.352531530939842        60.797112403445730        66.035339791383862        40.756814583774997        77.600154873426249       0.55296849207758147     
   1.2200000000000006        87.671530209235883        61.609234450079946        65.864528038219504        40.455390079646712        77.296666423551414       0.55081070060356641     
   1.2400000000000007        88.987123733849302        62.415339896075537        65.694824423122341        40.155154519912678        76.995106276327292       0.54864157795580049     
   1.2600000000000007        90.299334162315660        63.215452403010524        65.526218423513569        39.856096173585911        76.695460772356910       0.54646108449767883     
   1.2800000000000007        91.608183342947711        64.009595399262039        65.358699639691523        39.558203451565227        76.397716450865460       0.54426918071705632     
   1.3000000000000007        92.913692917273991        64.797792082823150        65.192257792935848        39.261464904545285        76.101860046857240       0.54206582723389407     
   1.3200000000000007        94.215884322439805        65.580065424078256        65.026882723645954        38.965869220965274        75.807878488321862       0.53985098480804206     
   1.3400000000000007        95.514778793571395        66.356438168537863        64.862564389513011        38.671405224995446        75.515758893488751       0.53762461434715958     
   1.3600000000000008        96.810397366103771        67.126932839533424        64.699292863724622        38.378061874560672        75.225488568128398       0.53538667691477515     
   1.3800000000000008        98.102760878073042        67.891571740873033        64.537058333201756        38.085828259400280        74.937055002899726       0.53313713373848470     
   1.4000000000000008        99.391889972373733        68.650376959458669        64.375851096867066        37.794693599163423        74.650445870742431       0.53087594621829248     
   1.4200000000000008        100.67780509898185        69.403370367865691        64.215661563944082        37.504647241539239        74.365649024312987       0.52860307593509226     
   1.4400000000000008        101.96052651714416        70.150573626885290        64.056480252286477        37.215678660421069        74.082652493463598       0.52631848465929221     
   1.4600000000000009        103.24007429753439        70.892008188030545        63.898297786736990        36.927777454104124        73.801444482763060       0.52402213435958378     
   1.4800000000000009        104.51646832437692        71.627695296006749        63.741104897515292        36.640933343515762        73.522013369058470       0.52171398721185414     
   1.5000000000000009        105.78972829753842        72.357655991146686        63.584892418634169        36.355136170477870        73.244347699076883       0.51939400560824533     
   1.5200000000000009        107.05987373458819        73.081911111811465        63.429651286343542        36.070375896000613        72.968436187066004       0.51706215216635876     
   1.5400000000000009        108.32692397282764        73.800481296757539        63.275372537601697        35.786642598606917        72.694267712473078       0.51471838973860762     
   1.5600000000000009        109.59089817128940        74.513386987470483        63.122047308573201        35.503926472687127        72.421831317660889       0.51236268142171637     
   1.5800000000000010        110.85181531270666        75.220648430466184        62.969666833152971        35.222217826883139        72.151116205660244       0.50999499056636921     
   1.6000000000000010        112.10969420545335        75.922285679560034        62.818222441515950        34.941507082501523        71.882111737958013       0.50761528078700713     
   1.6200000000000010        113.36455348545543        76.618318598104594        62.667705558691921        34.661784771954956        71.614807432319708       0.50522351597177517     
   1.6400000000000010        114.61641161807400        77.308766861196460        62.518107703164887        34.383041537231485        71.349192960646093       0.50281966029261949     
   1.6600000000000010        115.86528689996061        77.993649957852682        62.369420485496633        34.105268128391025        71.085258146862856       0.50040367821553522     
   1.6800000000000010        117.11119746088531        78.672987193157482        62.221635606973905        33.828455402088537        70.822992964842541       0.49797553451096516     
   1.7000000000000011        118.35416126553784        79.346797690379603        62.074744858278784        33.552594320123418        70.562387536358116       0.49553519426434944     
   1.7200000000000011        119.59419611530245        80.015100393060976        61.928740118181771        33.277675948014526        70.303432129067218       0.49308262288682814     
   1.7400000000000011        120.83131965000685        80.677914067077126        61.783613352257198        33.003691453600382        70.046117154526627       0.49061778612609408     
   1.7600000000000011        122.06554934964562        81.335257302669774        61.639356611620457        32.730632105664021        69.790433166235914       0.48814065007739860     
   1.7800000000000011        123.29690253607869        81.987148516452237        61.495962031686688        32.458489272582057        69.536370857709969       0.48565118119470885     
   1.8000000000000012        124.52539637470507        82.633605953388027        61.353421830950452        32.187254420997412        69.283921060579161       0.48314934630201772     
   1.8200000000000012        125.75104787611244        83.274647688743158        61.211728309786054        31.916919114515373        69.033074742717204       0.48063511260480429     
   1.8400000000000012        126.97387389770297        83.910291630012537        61.070873849268040        31.647475012422387        68.783823006395266       0.47810844770164812     
   1.8600000000000012        128.19389114529577        84.540555518821037        60.930850910011571        31.378913868427261        68.536157086462282       0.47556931959599263     
   1.8800000000000012        129.41111617470619        85.165456932799557        60.791652031032228        31.111227529424291        68.290068348550605       0.47301769670806171     
   1.9000000000000012        130.62556539330276        85.785013287436584        60.653269828624879        30.844407934277900        68.045548287306218       0.47045354788692573     
   1.9200000000000013        131.83725506154164        86.399241837905649        60.515696995261322        30.578447112628389        67.802588524643298       0.46787684242271826     
   1.9400000000000013        133.04620129447932        87.008159680869113        60.378926298506265        30.313337183718385        67.561180808022115       0.46528755005900274     
   1.9600000000000013        134.25242006326388        87.611783756258689        60.242950579951341        30.049070355239593        67.321317008749901       0.46268564100528681     
   1.9800000000000013        135.45592719660507        88.210130849033078        60.107762754166828        29.785638922199482        67.082989120304191       0.46007108594968638     
   2.0000000000000013        136.65673838222344        88.803217590913150        59.973355807670707        29.523035265807508        66.846189256677775       0.45744385607173577     
   2.0200000000000014        137.85486916827929        89.391060462095027        59.839722797914789        29.261251852380518        66.610909650745086       0.45480392305534456     
   2.0400000000000014        139.05033496478131        89.973675792941506        59.706856852287537        29.000281232266964        66.377142652649113       0.45215125910189907     
   2.0600000000000014        140.24315104497552        90.551079765652077        59.574751167133350        28.740116038789594        66.144880728208648       0.44948583694350863     
   2.0800000000000014        141.43333254671472        91.123288415912029        59.443399006787928        28.480748987206240        65.914116457345045       0.44680762985639288     
   2.1000000000000014        142.62089447380890        91.690317634520980        59.312793702629463        28.222172873688404        65.684842532528265       0.44411661167441208     
   2.1200000000000014        143.80585169735664        92.252183169001043        59.182928652145414        27.964380574317271        65.457051757241459       0.44141275680273528     
   2.1400000000000015        144.98821895705825        92.808900625185188        59.053797318014460        27.707365044096861        65.230737044463737       0.43869604023164721     
   2.1600000000000015        146.16801086251044        93.360485468785996        58.925393227203514        27.451119315983981        65.005891415170595       0.43596643755049114     
   2.1800000000000015        147.34524189448328        93.906953026945189        58.797709970079389        27.195636499934654        64.782507996851677       0.43322392496174533     
   2.2000000000000015        148.51992640617942        94.448318489764205        58.670741199534945        26.940909781966770        64.560580022045031       0.43046847929523235     
   2.2200000000000015        149.69207862447607        94.984596911816254        58.544480630129435        26.686932423238591        64.340100826887920       0.42770007802245735     
   2.2400000000000015        150.86171265114979        95.515803213640069        58.418922037242758        26.433697759142873        64.121063849683296       0.42491869927107451     
   2.2600000000000016        152.02884246408465        96.041952183215656        58.294059256243436        26.181199198416298        63.903462629481787       0.42212432183947801     
   2.2800000000000016        153.19348191846379        96.563058477422459        58.169886181670030        25.929430222263932        63.687290804678604       0.41931692521151603     
   2.3000000000000016        154.35564474794475        97.079136623480082        58.046396766425794        25.678384383498432        63.472542111625110       0.41649648957132351     
   2.3200000000000016        155.51534456581888        97.590201020372007        57.923585020986295        25.428055305693764        63.259210383254455       0.41366299581827254     
   2.3400000000000016        156.67259486615495        98.096265940252479        57.801445012619801        25.178436682353102        63.047289547721043       0.41081642558203602     
   2.3600000000000017        157.82740902492736        98.597345529836915        57.679970864620223        24.929522276090726        62.836773627053304       0.40795676123776176     
   2.3800000000000017        158.97980030112910        99.093453811776101        57.559156755552387        24.681305917827615        62.627656735819556       0.40508398592135375     
   2.4000000000000017        160.12978183786973        99.584604686014387        57.438996918509389        24.433781506000500        62.419933079806349       0.40219808354485753     
   2.4200000000000017        161.27736666345865        100.07081193113223        57.319485640381906        24.186943005784126        62.213596954709161       0.39929903881194456     
   2.4400000000000017        162.42256769247385        100.55208920567333        57.200617261139172        23.940784448326514        62.008642744834894       0.39638683723349377     
   2.4600000000000017        163.56539772681646        101.02845004945657        57.082386173121506        23.695299929996935        61.805064921815962       0.39346146514326419     
   2.4800000000000018        164.70586945675112        101.49990788487300        56.964786820344109        23.450483611646423        61.602858043335516       0.39052290971365627     
   2.5000000000000018        165.84399546193268        101.96647601816827        56.847813697812022        23.206329717880561        61.402016751863542       0.38757115897155670     
   2.5200000000000018        166.97978821241927        102.42816764071051        56.731461350846025        22.962832536344340        61.202535773403461       0.38460620181426169     
   2.5400000000000018        168.11326006967192        102.88499583024415        56.615724374419273        22.719986417018863        61.004409916248960       0.38162802802547574     
   2.5600000000000018        169.24442328754117        103.33697355212963        56.500597412504526        22.477785771529682        60.807634069750613       0.37863662829137884     
   2.5800000000000018        170.37329001324053        103.78411366056960        56.386075157431797        22.236225072466567        60.612203203092179       0.37563199421675919     
   2.6000000000000019        171.49987228830742        104.22642889982141        56.272152349256231        21.995298852714498        60.418112364076116       0.37261411834120450     
   2.6200000000000019        172.62418204955134        104.66393190539651        56.158823775136035        21.755001704795674        60.225356677918043       0.36958299415534773     
   2.6400000000000019        173.74623112998989        105.09663520524668        56.046084268720371        21.515328280222342        60.033931346049968       0.36653861611716076     
   2.6600000000000019        174.86603125977257        105.52455122093751        55.933928709546926        21.276273288860256        59.843831644931846       0.36348097966829118     
   2.6800000000000019        175.98359406709253        105.94769226880913        55.822352022449131        21.037831498302587        59.655052924871356       0.36041008125043539     
   2.7000000000000020        177.09893107908675        106.36607056112470        55.711349176972796        20.799997733254063        59.467590608851488       0.35732591832174221     
   2.7200000000000020        178.21205372272451        106.77969820720649        55.600915186802027        20.562766874925192        59.281440191365739       0.35422848937324114     
   2.7400000000000020        179.32297332568447        107.18858721456012        55.491045109194310        20.326133860436361        59.096597237260752       0.35111779394528791     
   2.7600000000000020        180.43170111722065        107.59274948998680        55.381734044424554        20.090093682231664        58.913057380585997       0.34799383264402173     
   2.7800000000000020        181.53824822901728        107.99219684068414        55.272977135238037        19.854641387502241        58.730816323450362       0.34485660715782585     
   2.8000000000000020        182.64262569603278        108.38694097533536        55.164769566312039        19.619772077618997        58.549869834885413       0.34170612027378605     
   2.8200000000000021        183.74484445733316        108.77699350518729        55.057106563726073        19.385480907574507        58.370213749715056       0.33854237589413894     
   2.8400000000000021        184.84491535691481        109.16236594511737        54.949983394440558        19.151763085433970        58.191843967431417       0.33536537905270231     
   2.8600000000000021        185.94284914451706        109.54306971468966        54.843395365783820        18.918613871795010        58.014756451076757       0.33217513593128095     
   2.8800000000000021        187.03865647642436        109.91911613920017        54.737337824947282        18.686028579256206        57.838947226131147       0.32897165387603911     
   2.9000000000000021        188.13234791625874        110.29051645071168        54.631806158488750        18.454002571894154        57.664412379405768       0.32575494141383204     
   2.9200000000000021        189.22393393576206        110.65728178907811        54.526795791843590        18.222531264748945        57.491148057941622       0.32252500826848907     
   2.9400000000000022        190.31342491556893        111.01942320295878        54.422302188843787        17.991610123317873        57.319150467913474       0.31928186537703834     
   2.9600000000000022        191.40083114596982        111.37695165082253        54.318320851244700        17.761234663057255        57.148415873538887       0.31602552490586622     
   2.9800000000000022        192.48616282766486        111.72987800194203        54.214847318259395        17.531400448892192        56.978940595992086       0.31275600026680184     
   3.0000000000000022        193.56943007250845        112.07821303737829        54.111877166100463        17.302103094734125        56.810721012322603       0.30947330613311802     
   3.0200000000000022        194.65064290424476        112.42196745095569        54.009406007529250        17.073338263006079        56.643753554378478       0.30617745845543953     
   3.0400000000000023        195.72981125923417        112.76115185022751        53.907429491412287        16.845101664175402        56.478034707733876       0.30286847447754939     
   3.0600000000000023        196.80694498717114        113.09577675743220        53.805943302284930        16.617389056293916        56.313561010621036       0.29954637275208440     
   3.0800000000000023        197.88205385179322        113.42585261044060        53.704943159922024        16.390196244545290        56.150329052866311       0.29621117315610884     
   3.1000000000000023        198.95514753158159        113.75138976369405        53.604424818915518        16.163519080799549        55.988335474830265       0.29286289690655853     
   3.1200000000000023        200.02623562045332        114.07239848913379        53.504384068258958        15.937353463174562        55.827576966351721       0.28950156657554366     
   3.1400000000000023        201.09532762844529        114.38888897712158        53.404816730938691        15.711695335604384        55.668050265695506       0.28612720610550124     
   3.1600000000000024        202.16243298238999        114.70087133735177        53.305718663531749        15.486540687414326        55.509752158503971       0.28273984082418724     
   3.1800000000000024        203.22756102658340        115.00835559975494        53.207085755810297        15.261885552902628        55.352679476752066       0.27933949745949677     
   3.2000000000000024        204.29072102344503        115.31135171539324        53.108913930352514        15.037726010928605        55.196829097705873       0.27592620415410318     
   3.2200000000000024        205.35192215417015        115.60986955734761        53.011199142159903        14.814058184507159        55.042197942884677       0.27249999047990492     
   3.2400000000000024        206.41117351937456        115.90391892159677        52.913937378280821        14.590878240409523        54.888782977026189       0.26906088745226875     
   3.2600000000000025        207.46848413973177        116.19350952788857        52.817124657440274        14.368182388770121        54.736581207055210       0.26560892754405996     
   3.2800000000000025        208.52386295660293        116.47865102060327        52.720757029675767        14.145966882699431        54.585589681055346       0.26214414469944680     
   3.3000000000000025        209.57731883265947        116.75935296960928        52.624830575979217        13.924228017902736        54.435805487244011       0.25866657434746926     
   3.3200000000000025        210.62886055249871        117.03562487111135        52.529341407944777        13.702962132304650        54.287225752950363       0.25517625341536088     
   3.3400000000000025        211.67849682325237        117.30747614849119        52.434285667422550        13.482165605679299        54.139847643596447       0.25167322034161077     
   3.3600000000000025        212.72623627518837        117.57491615314085        52.339659526178046        13.261834859286058        53.993668361681216       0.24815751508875739     
   3.3800000000000026        213.77208746230573        117.83795416528882        52.245459185557387        13.041966355510736        53.848685145767639       0.24462917915589907     
   3.4000000000000026        214.81605886292289        118.09659939481905        52.151680876158082        12.822556597512083        53.704895269472722       0.24108825559091254     
   3.4200000000000026        215.85815888025951        118.35086098208291        52.058320857505379        12.603602128873540        53.562296040460453       0.23753478900236621     
   3.4400000000000026        216.89839584301191        118.60074799870424        51.965375417734080        12.385099533260110        53.420884799437772       0.23396882557111737     
   3.4600000000000026        217.93677800592201        118.84626944837764        51.872840873275734        12.167045434080249        53.280658919153375       0.23039041306158056     
   3.4800000000000026        218.97331355034027        119.08743426765997        51.780713568551185        11.949436494152680        53.141615803399588       0.22679960083265679     
   3.5000000000000027        220.00801058478245        119.32425132675527        51.688989875668327        11.732269415378035        53.003752886017018       0.22319643984831050     
   3.5200000000000027        221.04087714548038        119.55672943029320        51.597666194125068        11.515540938415205        52.867067629902394       0.21958098268778270     
   3.5400000000000027        222.07192119692681        119.78487731810098        51.506738950517402        11.299247842362334        52.731557526019238       0.21595328355542923     
   3.5600000000000027        223.10115063241452        120.00870366596902        51.416204598252506        11.083386944442324        52.597220092411696       0.21231339829017110     
   3.5800000000000027        224.12857327456970        120.22821708641037        51.326059617266814        10.867955099692784        52.464052873221355       0.20866138437454629     
   3.6000000000000028        225.15419687587985        120.44342612941389        51.236300513749001        10.652949200660315        52.332053437707231       0.20499730094335000     
   3.6200000000000028        226.17802911921601        120.65433928319149        51.146923819867801        10.438366177099043        52.201219379268963       0.20132120879185272     
   3.6400000000000028        227.20007761834972        120.86096497491921        51.057926093504612        10.224202995673314        52.071548314473176       0.19763317038358352     
   3.6600000000000028        228.22034991846468        121.06331157147260        50.969303917990786        10.010456659664442        51.943037882083203       0.19393324985766752     
   3.6800000000000028        229.23885349666307        121.26138738015605        50.881053901849597        9.7971242086814456        51.815685742092192       0.19022151303570570     
   3.7000000000000028        230.25559576246698        121.45520064942663        50.793172678542774        9.5842027183756695        51.689489574759627       0.18649802742818508     
   3.7200000000000029        231.27058405831463        121.64475956961198        50.705656906221556        9.3716893001592076        51.564447079651423       0.18276286224040919     
   3.7400000000000029        232.28382566005166        121.83007227362285        50.618503267482225        9.1595811009270420        51.440555974683718       0.17901608837793587     
   3.7600000000000029        233.29532777741775        122.01114683765995        50.531708469126038        8.9478753027828120        51.317813995170276       0.17525777845151255     
   3.7800000000000029        234.30509755452826        122.18799128191546        50.445269241923476        8.7365691227681399        51.196218892873873       0.17148800678149750     
   3.8000000000000029        235.31314207035132        122.36061357126910        50.359182340382830        8.5256598125954071        51.075768435061555       0.16770684940175579     
   3.8200000000000029        236.31946833918039        122.52902161597889        50.273444542522952        8.3151446583839324        50.956460403563959       0.16391438406302009     
   3.8400000000000030        237.32408331110213        122.69322327236672        50.188052649650224        8.1050209803994377        50.838292593838922       0.16011069023570515     
   3.8600000000000030        238.32699387246004        122.85322634349869        50.103003486139627        7.8952861327967465        50.721262814039363       0.15629584911216574     
   3.8800000000000030        239.32820684631363        123.00903857986032        50.018293899219856        7.6859375033656256        50.605368884085578       0.15246994360838806     
   3.9000000000000030        240.32772899289347        123.16066768002678        49.933920758762433        7.4769725132796978        50.490608634742223       0.14863305836510488     
   3.9200000000000030        241.32556701005183        123.30812129132806        49.849880957074802        7.2683886168483403        50.376979906700036       0.14478527974832409     
   3.9400000000000031        242.32172753370955        123.45140701050926        49.766171408697268        7.0601833012715050        50.264480549662409       0.14092669584926207     
   3.9600000000000031        243.31621713829855        123.59053238438595        49.682789050203816        6.8523540863973782        50.153108421437040       0.13705739648367227     
   3.9800000000000031        244.30904233720065        123.72550491049475        49.599730840006671        6.6448985244828060        50.042861387032843       0.13317747319056006     
   4.0000000000000027        245.30020958318235        123.85633203773914        49.516993758164652        6.4378141999564198        49.933737317762208       0.12928701923027575     
   4.0200000000000022        246.28972526882595        123.98302116703054        49.434574806195137        6.2310987291843807        49.825734090348796       0.12538612958197670     
   4.0400000000000018        247.27759572695680        124.10557965192477        49.352471006889708        6.0247497602386790        49.718849586041159       0.12147490094045180     
   4.0600000000000014        248.26382723106704        124.22401479925384        49.270679404133340        5.8187649726679176        49.613081689732155       0.11755343171229946     
   4.0800000000000010        249.24842599573566        124.33833386975323        49.189197062727146        5.6131420772705063        49.508428289084577       0.11362182201145257     
   4.1000000000000005        250.23139817704507        124.44854407868463        49.108021068214555        5.4078788158702062        49.404887273662936       0.10968017365404366     
   4.1200000000000001        251.21274987299432        124.55465259645428        49.027148526710960        5.2029729610939492        49.302456534071922       0.10572859015260304     
   4.1399999999999997        252.19248712390879        124.65666654922673        48.946576564736702        4.9984223161518733        49.201133961101313       0.10176717670958484     
   4.1599999999999993        253.17061591284670        124.75459301953444        48.866302329053404        4.7942247146195021        49.100917444877943        9.7796040210214166E-002
   4.1799999999999988        254.14714216600228        124.84843904688286        48.786322986503563        4.5903780202220110        49.001804874024629        9.3815289214651043E-002
   4.1999999999999984        255.12207175310584        124.93821162835128        48.706635723853367        4.3868801266205129        48.903794134826462        8.9825033949465741E-002
   4.2199999999999980        256.09541048782074        125.02391771918948        48.627237747638723        4.1837289572002989        48.806883110404584        8.5825386298421083E-002
   4.2399999999999975        257.06716412813728        125.10556423341009        48.548126284014359        3.9809224648609760        48.711069679897612        8.1816459792558180E-002
   4.2599999999999971        258.03733837676350        125.18315804437678        48.469298578606058        3.7784586318084390        48.616351717651035        7.7798369599581751E-002
   4.2799999999999967        259.00593888151320        125.25670598538835        48.390751896365877        3.5763354693486193        48.522727092414733        7.3771232512542306E-002
   4.2999999999999963        259.97297123569115        125.32621485025867        48.312483521430408        3.3745510176829483        48.430193666548867        6.9735166937812315E-002
   4.3199999999999958        260.93844097847528        125.39169139389254        48.234490756981913        3.1731033457054805        48.338749295238301        6.5690292882354978E-002
   4.3399999999999954        261.90235359529623        125.45314233285761        48.156770925112404        2.9719905508016158        48.248391825715863        6.1636731940283421E-002
   4.3599999999999950        262.86471451821427        125.51057434595211        48.079321366690536        2.7712107586483690        48.159119096494628        5.7574607278709937E-002
   4.3799999999999946        263.82552912629347        125.56399407476876        48.002139441231300        2.5707621230161277        48.070928936609370        5.3504043622884558E-002
   4.3999999999999941        264.78480274597348        125.61340812425463        47.925222526768479        2.3706428255718466        47.983819164867569        4.9425167240623090E-002
   4.4199999999999937        265.74254065143845        125.65882306326719        47.848568019729797        2.1708510756836223        47.897787589110060        4.5338105926025343E-002
   4.4399999999999933        266.69874806498387        125.70024542512630        47.772173334814724        1.9713851102265996        47.812832005481610        4.1242988982484852E-002
   4.4599999999999929        267.65343015738080        125.73768170816247        47.696035904874918        1.7722431933901539        47.728950197711612        3.7139947204991614E-002
   4.4799999999999924        268.60659204823753        125.77113837626123        47.620153180797182        1.5734236164863022        47.646139936405184        3.3029112861730575E-002
   4.4999999999999920        269.55823880635938        125.80062185940369        47.544522631389007        1.3749246977592906        47.564398978344819        2.8910619674978412E-002
   4.5199999999999916        270.50837545010592        125.82613855420324        47.469141743266533        1.1767447821963104        47.483725065802865        2.4784602801302465E-002
   4.5399999999999912        271.45700694774604        125.84769482443859        47.394008020744970       0.97888224133929613        47.404115925865007        2.0651198811065672E-002
   4.5599999999999907        272.40413821781078        125.86529700158296        47.319118985731407       0.78133547309775553        47.325569269765019        1.6510545667242298E-002
   4.5799999999999903        273.34977412944431        125.87895138532956        47.244472177619954       0.58410290156258837        47.248082792231052        1.2362782703549730E-002
   4.5999999999999899        274.29391950275243        125.88866424411339        47.170065153189171       0.38718297682084801        47.171654170843439        8.2080506019022448E-003
   4.6199999999999894        275.23657910914932        125.89444181562931        47.095895486501760       0.19057417477140029        47.096281065404590        4.0464913691930903E-003
   4.6399999999999890        276.17775767170241        125.89629030734643        47.021960768806451       -5.7250030585611067E-003   47.021961117320842       -1.2175168658791512E-004
   4.6599999999999886        277.11745986547487        125.89421589701888        46.948258608442082      -0.20171602969618727        46.948691948996753       -4.2965339808937065E-003
   4.6799999999999882        278.05569031786672        125.88822473319287        46.874786630743763      -0.39740035290487458        46.876471163241831       -8.4777096778079260E-003
   4.6999999999999877        278.99245360895367        125.87832293571017        46.801542477951124      -0.59277939536543434        46.805296342690035       -1.2665131715872704E-002
   4.7199999999999873        279.92775427182437        125.86451659620795        46.728523809118606      -0.78785455485657041        46.735165049232172       -1.6858651834546795E-002
   4.7399999999999869        280.86159679291580        125.84681177861503        46.655728300027732      -0.98262720443470342        46.666074823461457       -2.1058120601284099E-002
   4.7599999999999865        281.79398561234711        125.82521451964456        46.583153643101326       -1.1770986926131795        46.598023184132352       -2.5263387439221966E-002
   4.7799999999999860        282.72492512425134        125.79973082928302        46.510797547319619       -1.3712703435408995        46.531007627632860       -2.9474300655468084E-002
   4.7999999999999856        283.65441967710592        125.77036669127581        46.438657738138232       -1.5651434571804046        46.465025627470609       -3.3690707469974282E-002
   4.8199999999999852        284.58247357406140        125.73712806360915        46.366731957407971       -1.7587193094854527        46.400074633772675       -3.7912454044984861E-002
   4.8399999999999848        285.50909107326845        125.70002087898851        46.295017963296374       -1.9519991525781200        46.336152072799486       -4.2139385515046701E-002
   4.8599999999999843        286.43427638820350        125.65905104531348        46.223513530211029       -2.1449842149254588        46.273255346472887       -4.6371346017567636E-002
   4.8799999999999839        287.35803368799287        125.61422444614907        46.152216448724545       -2.3376757015157454        46.211381831918608       -5.0608178723909256E-002
   4.8999999999999835        288.28036709773511        125.56554694119356        46.081124525501167       -2.5300747940343475        46.150528881023163       -5.4849725870999684E-002
   4.9199999999999831        289.20128069882236        125.51302436674283        46.010235583225025       -2.7221826510392400        46.090693820005413       -5.9095828793451183E-002
   4.9399999999999826        290.12077852925989        125.45666253615107        45.939547460529937       -2.9140004081362005        46.031873949002993       -6.3346327956167361E-002
   4.9599999999999822        291.03886458398449        125.39646724028817        45.869058011930690       -3.1055291781537115        45.974066541673544       -6.7601062987423868E-002
   4.9799999999999818        291.95554281518133        125.33244424799346        45.798765107755877       -3.2967700513175933        45.917268844811119       -7.1859872712406125E-002
   4.9999999999999813        292.87081713259971        125.26459930652604        45.728666634082103       -3.4877240954253974        45.861478077977651       -7.6122595187187184E-002
   5.0199999999999809        293.78469140386721        125.19293814201157        45.658760492669636       -3.6783923560205847        45.806691433149808       -8.0389067733128511E-002
   5.0399999999999805        294.69716945480292        125.11746645988570        45.589044600899378       -3.8687758565665082        45.752906074381166       -8.4659126971685664E-002
   5.0599999999999801        295.60825506972901        125.03818994533384        45.519516891711184       -4.0588755986202312        45.700119137479874       -8.8932608859600901E-002
   5.0799999999999796        296.51795199178156        124.95511426372758        45.450175313543461       -4.2486925620061928        45.648327729702018       -9.3209348724463889E-002
   5.0999999999999792        297.42626392321972        124.86824506105762        45.381017830273962       -4.4382277049897523        45.597528929460438       -9.7489181300621744E-002
   5.1199999999999788        298.33319452573409        124.77758796436322        45.312042421161820       -4.6274819644506255        45.547719786049491      -0.10177194076541900     
   5.1399999999999784        299.23874742075361        124.68314858215815        45.243247080790731       -4.8164562560562327        45.498897319385463      -0.10605746077574761     
   5.1599999999999779        300.14292618975168        124.58493250485324        45.174629819013248       -5.0051514744349790        45.451058519762988      -0.11034557450488743     
   5.1799999999999775        301.04573437455076        124.48294530517539        45.106188660896159       -5.1935684933494848        45.404200347627196      -0.11463611467961626     
   5.1999999999999771        301.94717547762639        124.37719253858320        45.037921646666916       -5.3817081658697790        45.358319733362009      -0.11892891361756958     
   5.2199999999999767        302.84725296240964        124.26767974367904        44.969826831661059       -5.5695713245464731        45.313413577094295      -0.12322380326482833     
   5.2399999999999762        303.74597025358895        124.15441244261774        44.901902286270612       -5.7571587815839296        45.269478748514025      -0.12752061523371427     
   5.2599999999999758        304.64333073741057        124.03739614151176        44.834146095893409       -5.9444713290134388        45.226512086710564      -0.13181918084077138     
   5.2799999999999754        305.53933776197835        123.91663633083296        44.766556360883300       -6.1315097388664146        45.184510400024855      -0.13611933114491162     
   5.2999999999999750        306.43399463755219        123.79213848581082        44.699131196501249       -6.3182747633476257        45.143470465917730      -0.14042089698570356     
   5.3199999999999745        307.32730463684589        123.66390806682726        44.631868732867204       -6.5047671350084677        45.103389030854160      -0.14472370902178230     
   5.3399999999999741        308.21927099532371        123.53195051980798        44.564767114912783       -6.6909875669202874        45.064262810203537      -0.14902759776935792     
   5.3599999999999737        309.10989691149621        123.39627127661029        44.497824502334716       -6.8769367528477705        45.026088488155935      -0.15333239364080120     
   5.3799999999999732        309.99918554721506        123.25687575540759        44.431039069548966       -7.0626153674223984        44.988862717654222      -0.15763792698328410     
   5.3999999999999728        310.88714002796701        123.11376936107021        44.364409005645541       -7.2480240663159794        44.952582120342086      -0.16194402811745298     
   5.4199999999999724        311.77376344316690        122.96695748554291        44.297932514343984       -7.4331634864142702        44.917243286527906      -0.16625052737611193     
   5.4399999999999720        312.65905884644985        122.81644550821886        44.231607813949417       -7.6180342459906765        44.882842775164292      -0.17055725514289441     
   5.4599999999999715        313.54302925596244        122.66223879631015        44.165433137309208       -7.8026369448800557        44.849377113843374      -0.17486404189090074     
   5.4799999999999711        314.42567765465321        122.50434270521482        44.099406731770159       -7.9869721646526113        44.816842798807578      -0.17917071822127933     
   5.4999999999999707        315.30700699056229        122.34276257888042        44.033526859136209       -8.1710404687878881        44.785236294976045      -0.18347711490172938     
   5.5199999999999703        316.18702017710990        122.17750375016406        43.967791795626624       -8.3548424028488721        44.754554035986253      -0.18778306290490321     
   5.5399999999999698        317.06572009338453        122.00857154118901        43.902199831834615       -8.5383784946561914        44.724792424251078      -0.19208839344668624     
   5.5599999999999694        317.94310958442975        121.83597126369783        43.836749272686390       -8.7216492544624185        44.695947831030900      -0.19639293802433253     
   5.5799999999999690        318.81919146153064        121.65970821940194        43.771438437400590       -8.9046551751264857        44.668016596520793      -0.20069652845443472     
   5.5999999999999686        319.69396850249910        121.47978770032779        43.706265659448079       -9.0873967322881910        44.640995029952599      -0.20499899691070653     
   5.6199999999999681        320.56744345195870        121.29621498915948        43.641229286512036       -9.2698743845428151        44.614879409711719      -0.20930017596155664     
   5.6399999999999677        321.43961902162829        121.10899535957789        43.576327680448394       -9.4520885736158302        44.589665983468542      -0.21359989860743306     
   5.6599999999999673        322.31049789060523        120.91813407659636        43.511559217246479       -9.6340397245377076        44.565350968324232      -0.21789799831791701     
   5.6799999999999669        323.18008270564758        120.72363639689280        43.446922286989960       -9.8157282458188142        44.541930550970847      -0.22219430906854579     
   5.6999999999999664        324.04837608145567        120.52550756913837        43.382415293817942       -9.9971545296243995        44.519400887865487      -0.22648866537734466     
   5.7199999999999660        324.91538060095269        120.32375283432263        43.318036655886296       -10.178318951949656        44.497758105418370      -0.23078090234104734     
   5.7399999999999656        325.78109881556486        120.11837742607518        43.253784805329119       -10.359221872794867        44.476998300194580      -0.23507085567098601     
   5.7599999999999651        326.64553324550036        119.90938657098383        43.189658188220335       -10.539863636340613        44.457117539129356      -0.23935836172863115     
   5.7799999999999647        327.50868638002794        119.69678548890919        43.125655264535382       -10.720244571123040        44.438111859756610      -0.24364325756076260     
   5.7999999999999643        328.37056067775444        119.48057939329587        43.061774508113025       -10.900364990209189        44.419977270450637      -0.24792538093425315     
   5.8199999999999639        329.23115856690174        119.26077349148005        42.998014406617173       -11.080225191372366        44.402709750680543      -0.25220457037044691     
   5.8399999999999634        330.09048244558289        119.03737298499365        42.934373461498751       -11.259825457267542        44.386305251277427      -0.25648066517911400     
   5.8599999999999630        330.94853468207748        118.81038306986491        42.870850187957600       -11.439166055606796        44.370759694713939      -0.26075350549196546     
   5.8799999999999626        331.80531761510611        118.57980893691550        42.807443114904338       -11.618247239334753        44.356068975395921      -0.26502293229571017     
   5.8999999999999622        332.66083355410439        118.34565577205412        42.744150784922169       -11.797069246804048        44.342228959966057      -0.26928878746463908     
   5.9199999999999617        333.51508477949591        118.10792875656657        42.680971754228693       -11.975632301950769        44.329235487619165      -0.27355091379271940     
   5.9399999999999613        334.36807354296457        117.86663306740236        42.617904592637572       -12.153936614469892        44.317084370428866      -0.27780915502518400     
   5.9599999999999609        335.21980206772616        117.62177387745776        42.554947883520143       -12.331982379990681        44.305771393685454      -0.28206335588960180     
   5.9799999999999605        336.07027254879904        117.37335635585532        42.492100223766897       -12.509769780252054        44.295292316244606      -0.28631336212641323     
   5.9999999999999600        336.91948715327419        117.12138566822003        42.429360223748802       -12.687298983277881        44.285642870886733      -0.29055902051891913     
   6.0199999999999596        337.76744802058448        116.86586697695172        42.366726507278500       -12.864570143552227        44.276818764686674      -0.29480017892270699     
   6.0399999999999592        338.61415726277301        116.60680544149426        42.304197711571305       -13.041583402194505        44.268815679393434      -0.29903668629450531     
   6.0599999999999588        339.45961696476076        116.34420621860097        42.241772487206035       -13.218338887134532        44.261629271819736      -0.30326839272045014     
   6.0799999999999583        340.30382918461368        116.07807446259676        42.179449498085596       -13.394836713287479        44.255255174241029      -0.30749514944375533     
   6.0999999999999579        341.14679595380852        115.80841532563660        42.117227421397367       -13.571076982728684        44.249688994803734      -0.31171680889177383     
   6.1199999999999575        341.98851927749826        115.53523395796063        42.055104947573355       -13.747059784868341        44.244926317942415      -0.31593322470243934     
   6.1399999999999570        342.82900113477649        115.25853550814568        41.993080780250061       -13.922785196626013        44.240962704805547      -0.32014425175007982     
   6.1599999999999566        343.66824347894129        114.97832512335337        41.931153636228096       -14.098253282604981        44.237793693689639      -0.32434974617059237     
   6.1799999999999562        344.50624823775792        114.69460794957466        41.869322245431498       -14.273464095266405        44.235414800481344      -0.32854956538597102     
   6.1999999999999558        345.34301731372091        114.40738913187096        41.807585350866773       -14.448417675103276        44.233821519107380      -0.33274356812817968     
   6.2199999999999553        346.17855258431541        114.11667381461179        41.745941708581604       -14.623114050814142        44.233009321991773      -0.33693161446236203     
   6.2399999999999549        347.01285590227747        113.82246714170888        41.684390087623235       -14.797553239476601        44.232973660520344      -0.34111356580938257     
   6.2599999999999545        347.84592909585365        113.52477425684691        41.622929269996547       -14.971735246720536        44.233709965511927      -0.34528928496769090     
   6.2799999999999541        348.67777396905984        113.22360030371070        41.561558050621748       -15.145660066901074        44.235213647696142      -0.34945863613450506     
   6.2999999999999536        349.50839230193895        112.91895042620898        41.500275237291739       -15.319327683271249        44.237480098197395      -0.35362148492630768     
   6.3199999999999532        350.33778585081814        112.61082976869473        41.439079650629090       -15.492738068154367        44.240504689024753      -0.35777769839865076     
   6.3399999999999528        351.16595634856486        112.29924347618203        41.377970124042669       -15.665891183116033        44.244282773567484      -0.36192714506526519     
   6.3599999999999524        351.99290550484210        111.98419669455951        41.316945503683854       -15.838786979135842        44.248809687095815      -0.36606969491647140     
   6.3799999999999519        352.81863500636297        111.66569457080037        41.256004648402367       -16.011425396778701        44.254080747266769      -0.37020521943688867     
   6.3999999999999515        353.64314651714403        111.34374225316893        41.195146429701701       -16.183806366365772        44.260091254634645      -0.37433359162243990     
   6.4199999999999511        354.46644167875797        111.01834489142382        41.134369731694150       -16.355929808145017        44.266836493165883      -0.37845468599665205     
   6.4399999999999507        355.28852211058546        110.68950763701775        41.073673451055406       -16.527795632461324        44.274311730758065      -0.38256837862624848     
   6.4599999999999502        356.10938941006583        110.35723564329388        41.013056496978763       -16.699403739926193        44.282512219762701      -0.38667454713603522     
   6.4799999999999498        356.92904515294691        110.02153406567875        40.952517791128855       -16.870754021586993        44.291433197511445      -0.39077307072307937     
   6.4999999999999494        357.74749089353418        109.68240806187193        40.892056267595002       -17.041846359095700        44.301069886845617      -0.39486383017018101     
   6.5199999999999489        358.56472816493857        109.33986279203219        40.831670872844086       -17.212680624877194        44.311417496648495      -0.39894670785863950     
   6.5399999999999485        359.38075847932373        108.99390341896046        40.771360565673007       -17.383256682297013        44.322471222380408      -0.40302158778031505     
   6.5599999999999481        360.19558332815205        108.64453510827920        40.711124317160696       -17.553574385828600        44.334226246615955      -0.40708835554898903     
   6.5799999999999477        361.00920418242987        108.29176302860871        40.650961110619662       -17.723633581219996        44.346677739583392      -0.41114689841102431     
   6.5999999999999472        361.82162249295152        107.93559235173991        40.590869941547098       -17.893434105659967        44.359820859705771      -0.41519710525532938     
   6.6199999999999468        362.63283969054277        107.57602825280388        40.530849817575543       -18.062975787943568        44.373650754143490      -0.41923886662262932     
   6.6399999999999464        363.44285718630277        107.21307591043808        40.470899758423087       -18.232258448637076        44.388162559338134      -0.42327207471404804     
   6.6599999999999460        364.25167637184546        106.84674050694929        40.411018795843098       -18.401281900242342        44.403351401557188      -0.42729662339900598     
   6.6799999999999455        365.05929861953962        106.47702722847326        40.351205973573542       -18.570045947360491        44.419212397439431      -0.43131240822243871     
   6.6999999999999451        365.86572528274820        106.10394126513111        40.291460347285778       -18.738550386854957        44.435740654540737      -0.43531932641134047     
   6.7199999999999447        366.67095769606641        105.72748781118243        40.231780984532953       -18.906795008013880        44.452931271879990      -0.43931727688064004     
   6.7399999999999443        367.47499717555871        105.34767206517517        40.172166964697929       -19.074779592711788        44.470779340484938      -0.44330616023841374     
   6.7599999999999438        368.27784501899509        104.96449923009236        40.112617378940726       -19.242503915570591        44.489279943937582      -0.44728587879044301     
   6.7799999999999434        369.07950250608593        104.57797451349545        40.053131330145533       -19.409967744119854        44.508428158919060      -0.45125633654412295     
   6.7999999999999430        369.87997089871607        104.18810312766469        39.993707932867281       -19.577170838956317        44.528219055753546      -0.45521743921172897     
   6.8199999999999426        370.67925144117754        103.79489028973610        39.934346313277729       -19.744112953902686        44.548647698951164      -0.45916909421304997     
   6.8399999999999421        371.47734536040144        103.39834122183542        39.875045609111126       -19.910793836165627        44.569709147749478      -0.46311121067739497     
   6.8599999999999417        372.27425386618864        102.99846115120884        39.815804969609417       -20.077213226493004        44.591398456653494      -0.46704369944498270     
   6.8799999999999413        373.06997815143939        102.59525531035061        39.756623555467009       -20.243370859330280        44.613710675973778      -0.47096647306772077     
   6.8999999999999408        373.86451939238179        102.18872893712755        39.697500538775103       -20.409266462976127        44.636640852362667      -0.47487944580938574     
   6.9199999999999404        374.65787874879919        101.77888727490041        39.638435102965573       -20.574899759737193        44.660184029348187      -0.47878253364521145     
   6.9399999999999400        375.45005736425639        101.36573557264222        39.579426442754446       -20.740270466082016        44.684335247865597      -0.48267565426089548     
   6.9599999999999396        376.24105636632481        100.94927908505346        39.520473764084905       -20.905378292794090        44.709089546786231      -0.48655872705103365     
   6.9799999999999391        377.03087686680635        100.52952307267428        39.461576284069906       -21.070222945124023        44.734441963443551      -0.49043167311699243     
   6.9999999999999387        377.81951996195642        100.10647280199363        39.402733230934381       -21.234804122940840        44.760387534156202      -0.49429441526422885     
   7.0199999999999383        378.60698673270531        99.680133545555407        39.343943843956993       -21.399121520882350        44.786921294747771      -0.49814687799906904     
   7.0399999999999379        379.39327824487901        99.250510582061537        39.285207373411517       -21.563174828504600        44.814038281063233      -0.50198898752495469     
   7.0599999999999374        380.17839554941821        98.817609196472191        39.226523080507796       -21.726963730430406        44.841733529481765      -0.50582067173817002     
   7.0799999999999370        380.96233968259662        98.381434680102913        39.167890237332323       -21.890487906496915        44.870002077425852      -0.50964186022305769     
   7.0999999999999366        381.74511166623785        97.941992330718918        39.109308126788406       -22.053747031902237        44.898838963866474      -0.51345248424673684     
   7.1199999999999362        382.52671250793111        97.499287452626390        39.050776042535979       -22.216740777351063        44.928239229824214      -0.51725247675333286     
   7.1399999999999357        383.30714320124576        97.053325356760880        38.992293288931002       -22.379468809199334        44.958197918866141      -0.52104177235773119     
   7.1599999999999353        384.08640472594470        96.604111360772905        38.933859180964525       -22.541930789597899        44.988710077598327      -0.52482030733886509     
   7.1799999999999349        384.86449804819637        96.151650789110576        38.875473044201378       -22.704126376635148        45.019770756153875      -0.52858801963255109     
   7.1999999999999345        385.64142412078559        95.695948973099433        38.817134214718479       -22.866055224478654        45.051375008676210      -0.53234484882388122     
   7.2199999999999340        386.41718388332322        95.237011251019496        38.758842039042833       -23.027716983515752        45.083517893797662      -0.53609073613918490     
   7.2399999999999336        387.19177826245453        94.774842968179414        38.700595874089167       -23.189111300493096        45.116194475113083      -0.53982562443757232     
   7.2599999999999332        387.96520817206641        94.309449476987936        38.642395087097228       -23.350237818655160        45.149399821648458      -0.54354945820207079     
   7.2799999999999327        388.73747451349305        93.840836137022563        38.584239055568780       -23.511096177881658        45.183129008324343      -0.54726218353036460     
   7.2999999999999323        389.50857817572080        93.369008315095513        38.526127167204251       -23.671686014823912        45.217377116414035      -0.55096374812515214     
   7.3199999999999319        390.27852003559121        92.893971385316874        38.468058819839108       -23.832006963040126        45.252139233996381      -0.55465410128413095     
   7.3399999999999315        391.04730095800340        92.415730729155172        38.410033421379879       -23.992058653129558        45.287410456403094      -0.55833319388962221     
   7.3599999999999310        391.81492179611462        91.934291735495222        38.352050389739937       -24.151840712865610        45.323185886660525      -0.56200097839784757     
   7.3799999999999306        392.58138339153976        91.449659800693283        38.294109152774979       -24.311352767327804        45.359460635925792      -0.56565740882786852     
   7.3999999999999302        393.34668657454966        90.961840328629677        38.236209148218208       -24.470594439032613        45.396229823917089      -0.56930244075020087     
   7.4199999999999298        394.11083216426800        90.470838730758715        38.178349823615278       -24.629565348063206        45.433488579338267      -0.57293603127511694     
   7.4399999999999293        394.87382096886677        89.976660426156101        38.120530636258970       -24.788265112198030        45.471232040297444      -0.57655813904064457     
   7.4599999999999289        395.63565378576061        89.479310841563745        38.062751053123620       -24.946693347038256        45.509455354719705      -0.58016872420027721     
   7.4799999999999285        396.39633140179984        88.978795411432017        38.005010550799291       -25.104849666134093        45.548153680753714      -0.58376774841040502     
   7.4999999999999281        397.15585459346210        88.475119577959575        37.947308615425740       -25.262733681109918        45.587322187172283      -0.58735517481747790     
   7.5199999999999276        397.91422412704259        87.968288791130590        37.889644742626160       -25.420345001788267        45.626956053766726      -0.59093096804491430     
   7.5399999999999272        398.67144075884323        87.458308508749582        37.832018437440674       -25.577683236312662        45.667050471735102      -0.59449509417976387     
   7.5599999999999268        399.42750523536023        86.945184196473761        37.774429214259669       -25.734747991269238        45.707600644064115      -0.59804752075913692     
   7.5799999999999264        400.18241829347039        86.428921327843000        37.716876596756904       -25.891538871807217        45.748601785904810      -0.60158821675641239     
   7.5999999999999259        400.93618066061617        85.909525384307344        37.659360117822466       -26.048055481758198        45.790049124941881      -0.60511715256723231     
   7.6199999999999255        401.68879305498933        85.387001855252223        37.601879319495502       -26.204297423754234        45.831937901756632      -0.60863429999529761     
   7.6399999999999251        402.44025618571328        84.861356238021230        37.544433752896822       -26.360264299344745        45.874263370183584      -0.61213963223797174     
   7.6599999999999246        403.19057075302385        84.332594037936659        37.487022978161328       -26.515955709112220        45.917020797660605      -0.61563312387170654     
   7.6799999999999242        403.93973744844914        83.800720768317674        37.429646564370309       -26.671371252786713        45.960205465572670      -0.61911475083729739     
   7.6999999999999238        404.68775695498766        83.265741950496221        37.372304089483571       -26.826510529359158        46.003812669589117      -0.62258449042498087     
   7.7199999999999234        405.43462994728520        82.727663113830701        37.314995140271456       -26.981373137193444        46.047837719994476      -0.62604232125938186     
   7.7399999999999229        406.18035709181038        82.186489795717392        37.257719312246735       -27.135958674137306        46.092275942012790      -0.62948822328432374     
   7.7599999999999225        406.92493904702883        81.642227541599695        37.200476209596395       -27.290266737631992        46.137122676125465      -0.63292217774750759     
   7.7799999999999221        407.66837646357595        81.094881904975168        37.143265445113315       -27.444296924820716        46.182373278382663      -0.63634416718507369     
   7.7999999999999217        408.41066998442835        80.544458447400402        37.086086640127839       -27.598048832655888        46.228023120708158      -0.63975417540605195     
   7.8199999999999212        409.15182024507402        79.990962738493792        37.028939424439294       -27.751522058005140        46.274067591197777      -0.64315218747671188     
   7.8399999999999208        409.89182787368088        79.434400355936177        36.971823436247398       -27.904716197756116        46.320502094411339      -0.64653818970482191     
   7.8599999999999204        410.63069349126420        78.874776885469416        36.914738322083636       -28.057630848920045        46.367322051658107      -0.64991216962382481     
   7.8799999999999200        411.36841771185243        78.312097920892867        36.857683736742544       -28.210265608734097        46.414522901275866      -0.65327411597694085     
   7.8999999999999195        412.10500114265199        77.746369064057902        36.800659343212978       -28.362620074762507        46.462100098903512      -0.65662401870120468     
   7.9199999999999191        412.84044438421023        77.177595924860313        36.743664812609310       -28.514693844996479        46.510049117747272      -0.65996186891144670     
   7.9399999999999187        413.57474803057733        76.605784121230826        36.686699824102625       -28.666486517952869        46.558365448840505      -0.66328765888422458     
   7.9599999999999183        414.30791266946687        76.030939279123587        36.629764064851877       -28.817997692771630        46.607044601297183      -0.66660138204171626     
   7.9799999999999178        415.03993888241473        75.453067032502744        36.572857229935025       -28.969226969312061        46.656082102559019      -0.66990303293557918     
   7.9999999999999174        415.77082724493687        74.872173023327150        36.515979022280192       -29.120173948247796        46.705473498636287      -0.67319260723078511     
   8.0199999999999179        416.50057832668563        74.288262901533059        36.459129152596795       -29.270838231160610        46.755214354342414      -0.67647010168943833     
   8.0399999999999174        417.22919269160468        73.701342325015119        36.402307339306716       -29.421219420632969        46.805300253522297      -0.67973551415458389     
   8.0599999999999170        417.95667089808251        73.111416959605393        36.345513308475475       -29.571317120339387        46.855726799274443      -0.68298884353401179     
   8.0799999999999166        418.68301349910467        72.518492479050636        36.288746793743428       -29.721130935136543        46.906489614166972      -0.68623008978406830     
   8.0999999999999162        419.40822104240470        71.922574564987755        36.232007536257029       -29.870660471152199        46.957584340447504      -0.68945925389347540     
   8.1199999999999157        420.13229407061328        71.323668906917504        36.175295284600111       -30.019905335872899        47.009006640246945      -0.69267633786716953     
   8.1399999999999153        420.85523312140651        70.721781202176473        36.118609794725224       -30.168865138230444        47.060752195777290      -0.69588134471016461     
   8.1599999999999149        421.57703872765262        70.116917155907302        36.061950829885042       -30.317539488687174        47.112816709523457      -0.69907427841144421     
   8.1799999999999145        422.29771141755708        69.509082481027235        36.005318160563831       -30.465927999320034        47.165195904429147      -0.70225514392789135     
   8.1999999999999140        423.01725171480683        68.898282898195006        35.948711564409024       -30.614030283903428        47.217885524076905      -0.70542394716825951     
   8.2199999999999136        423.73566013871255        68.284524135776067        35.892130826162813       -30.761845957990896        47.270881332862281      -0.70858069497719200     
   8.2399999999999132        424.45293720435012        67.667811929806206        35.835575737593906       -30.909374638995565        47.324179116162291      -0.71172539511929522     
   8.2599999999999127        425.16908342270034        67.048152023953563        35.779046097429351       -31.056615946269421        47.377774680498142      -0.71485805626326926     
   8.2799999999999123        425.88409930078751        66.425550169479052        35.722541711286446       -31.203569501181384        47.431663853692264      -0.71797868796610409     
   8.2999999999999119        426.59798534181641        65.800012125195295        35.666062391604804       -31.350234927194204        47.485842485019830      -0.72108730065734328     
   8.3199999999999115        427.31074204530825        65.171543657423953        35.609607957578518       -31.496611849940166        47.540306445354666      -0.72418390562342172     
   8.3399999999999110        428.02236990723492        64.540150539951597        35.553178235088446       -31.642699897295614        47.595051627309729      -0.72726851499208178     
   8.3599999999999106        428.73286942015216        63.905838553984097        35.496773056634645       -31.788498699454305        47.650073945372121      -0.73034114171687203     
   8.3799999999999102        429.44224107333122        63.268613488099561        35.440392261268954       -31.934007888999592        47.705369336032817      -0.73340179956173246     
   8.3999999999999098        430.15048535288918        62.628481138199810        35.384035694527697       -32.079227100975444        47.760933757911054      -0.73645050308567162     
   8.4199999999999093        430.85760274191807        61.985447307460490        35.327703208364568       -32.224155972956289        47.816763191873484      -0.73948726762753791     
   8.4399999999999089        431.56359372061257        61.339517806279773        35.271394661083662       -32.368794145115729        47.872853641148225      -0.74251210929089007     
   8.4599999999999085        432.26845876639612        60.690698452225675        35.215109917272684       -32.513141260294077        47.929201131433793      -0.74552504492897043     
   8.4799999999999081        432.97219835404621        60.038995069982086        35.158848847736337       -32.657196964064767        47.985801711002935      -0.74852609212978305     
   8.4999999999999076        433.67481295581786        59.384413491293444        35.102611329429848       -32.800960904799609        48.042651450801600      -0.75151526920128209     
   8.5199999999999072        434.37630304156608        58.726959554908120        35.046397245392754       -32.944432733732924        48.099746444542994      -0.75449259515667133     
   8.5399999999999068        435.07666907886681        58.066639106520547        34.990206484682815       -33.087612105024526        48.157082808796723      -0.75745808969982042     
   8.5599999999999064        435.77591153313676        57.403457998712085        34.934038942310160       -33.230498675821629        48.214656683073308      -0.76041177321079856     
   8.5799999999999059        436.47403086775159        56.737422090890675        34.877894519171605       -33.373092106319561        48.272464229903882      -0.76335366673152871     
   8.5999999999999055        437.17102754416317        56.068537249229266        34.821773121985238       -33.515392059821444        48.330501634915358      -0.76628379195156582     
   8.6199999999999051        437.86690202201527        55.396809346603085        34.765674663225148       -33.657398202796706        48.388765106900983      -0.76920217119400125     
   8.6399999999999046        438.56165475925809        54.722244262525734        34.709599061056423       -33.799110204938557        48.447250877886461      -0.77210882740149522     
   8.6599999999999042        439.25528621226135        54.044847883084145        34.653546239270362       -33.940527739220293        48.505955203191604      -0.77500378412243820     
   8.6799999999999038        439.94779683592628        53.364626100872435        34.597516127219905       -34.081650481950582        48.564874361487682      -0.77788706549724751     
   8.6999999999999034        440.63918708379606        52.681584814924655        34.541508659755308       -34.222478112827645        48.624004654850452      -0.78075869624479555     
   8.7199999999999029        441.32945740816524        51.995729930646455        34.485523777160061       -34.363010314992358        48.683342408809025      -0.78361870164897618     
   8.7399999999999025        442.01860826018770        51.307067359745730        34.429561425087044       -34.503246775080285        48.742883972390572      -0.78646710754540694     
   8.7599999999999021        442.70664008998352        50.615603020162197        34.373621554494932       -34.643187183272666        48.802625718160968      -0.78930394030827244     
   8.7799999999999017        443.39355334674434        49.921342835996008        34.317704121584875       -34.782831233346350        48.862564042261411      -0.79212922683730702     
   8.7999999999999012        444.07934847883757        49.224292737435320        34.261809087737397       -34.922178622722662        48.922695364441161      -0.79494299454491990     
   8.8199999999999008        444.76402593390947        48.524458660682939        34.205936419449600       -35.061229052515259        48.983016128086362      -0.79774527134346429     
   8.8399999999999004        445.44758615898667        47.821846547882018        34.150086088272595       -35.199982227576932        49.043522800245100      -0.80053608563264966     
   8.8599999999999000        446.13002960057690        47.116462347040795        34.094258070749241       -35.338437856545383        49.104211871648744      -0.80331546628709938     
   8.8799999999998995        446.81135670476795        46.408312011956461        34.038452348352152       -35.476595651888019        49.165079856729612      -0.80608344264405540     
   8.8999999999998991        447.49156791732571        45.697401502138121        33.982668907421946       -35.614455329945685        49.226123293635048      -0.80884004449122959     
   8.9199999999998987        448.17066368379096        44.983736782728911        33.926907739105829       -35.752016610975431        49.287338744237985      -0.81158530205480184     
   8.9399999999998983        448.84864444957498        44.267323824427237        33.871168839296438       -35.889279219192275        49.348722794144052      -0.81431924598756777     
   8.9599999999998978        449.52551066005367        43.548168603407213        33.815452208570967       -36.026242882809960        49.410272052695305      -0.81704190735723381     
   8.9799999999998974        450.20126276066071        42.826277101238304        33.759757852130619       -36.162907334080757        49.471983152970594      -0.81975331763486214     
   8.9999999999998970        450.87590119697944        42.101655304804154        33.704085779740318       -36.299272309334285        49.533852751782760      -0.82245350868346545     
   9.0199999999998965        451.54942641483353        41.374309206220659        33.648436005668749       -36.435337549015372        49.595877529672514      -0.82514251274675043     
   9.0399999999998961        452.22183886037652        40.644244802753292        33.592808548628675       -36.571102797720933        49.658054190899300      -0.82782036243801194     
   9.0599999999998957        452.89313898017997        39.911468096733721        33.537203431717600       -36.706567804235924        49.720379463429076      -0.83048709072917637     
   9.0799999999998953        453.56332722132072        39.175985095475681        33.481620682358695       -36.841732321568365        49.782850098919056      -0.83314273093999625     
   9.0999999999998948        454.23240403146673        38.437801811190162        33.426060332242074       -36.976596106983393        49.845462872699528      -0.83578731672739281     
   9.1199999999998944        454.90036985896182        37.696924260899962        33.370522417266358       -37.111158922036410        49.908214583752837      -0.83842088207495025     
   9.1399999999998940        455.56722515290932        36.953358466353542        33.315006977480593       -37.245420532605316        49.971102054689545      -0.84104346128255802     
   9.1599999999998936        456.23297036325437        36.207110453938270        33.259514057026443       -37.379380708921829        50.034122131721837      -0.84365508895620356     
   9.1799999999998931        456.89760594086545        35.458186254593031        33.204043704080746       -37.513039225601887        50.097271684634187      -0.84625579999791267     
   9.1999999999998927        457.56113233761425        34.706591903720259        33.148595970798354       -37.646395861675174        50.160547606751486      -0.84884562959584042     
   9.2199999999998923        458.22355000645479        33.952333441097366        33.093170913255349       -37.779450400613769        50.223946814904600      -0.85142461321450780     
   9.2399999999998919        458.88485940150127        33.195416910787628        33.037768591392556       -37.912202630359879        50.287466249393312      -0.85399278658518785     
   9.2599999999998914        459.54506097810480        32.435848361050503        32.982389068959392       -38.044652343352730        50.351102873946921      -0.85655018569643748     
   9.2799999999998910        460.20415519292897        31.673633844251430        32.927032413458072       -38.176799336554609        50.414853675682480      -0.85909684678477694     
   9.2999999999998906        460.86214250402440        30.908779416771125        32.871698696088110       -38.308643411475998        50.478715665060498      -0.86163280632551398     
   9.3199999999998902        461.51902337090218        30.141291138914365        32.816387991691201       -38.440184374199930        50.542685875838643      -0.86415810102371393     
   9.3399999999998897        462.17479825460606        29.371175074818311        32.761100378696412       -38.571422035405448        50.606761365022983      -0.86667276780531266     
   9.3599999999998893        462.82946761778368        28.598437292360355        32.705835939065736       -38.702356210390271        50.670939212817224      -0.86917684380837545     
   9.3799999999998889        463.48303192475674        27.823083863065527        32.650594758239976       -38.832986719092624        50.735216522569722      -0.87167036637449558     
   9.3999999999998884        464.13549164159002        27.045120862013476        32.595376925084977       -38.963313386112247        50.799590420718509      -0.87415337304033691     
   9.4199999999998880        464.78684723615925        26.264554367745049        32.540182531838205       -39.093336040730627        50.864058056734294      -0.87662590152931708     
   9.4399999999998876        465.43709917821820        25.481390462168438        32.485011674055670       -39.223054516930389        50.928616603061450      -0.87908798974342861     
   9.4599999999998872        466.08624793946433        24.695635230464994        32.429864450559208       -39.352468653413929        50.993263255057229      -0.88153967575520198     
   9.4799999999998867        466.73429399360379        23.907294760994642        32.374740963384099       -39.481578293621268        51.057995230928981      -0.88398099779980366     
   9.4999999999998863        467.38123781641491        23.116375145200958        32.319641317727061       -39.610383285747091        51.122809771669658      -0.88641199426727280     
   9.5199999999998859        468.02707988581113        22.322882477515918        32.264565621894569       -39.738883482757082        51.187704140991563      -0.88883270369489353     
   9.5399999999998855        468.67182068190260        21.526822855264314        32.209513987251533       -39.867078742403457        51.252675625258334      -0.89124316475970089     
   9.5599999999998850        469.31546068705683        20.728202378567882        32.154486528170338       -39.994968927239753        51.317721533415344      -0.89364341627112120     
   9.5799999999998846        469.95800038595831        19.927027150249135        32.099483361980255       -40.122553904634898        51.382839196918461      -0.89603349716374436     
   9.5999999999998842        470.59944026566728        19.123303275734919        32.044504608917158       -40.249833546786512        51.448025969661209      -0.89841344649022803     
   9.6199999999998838        471.23978081567719        18.317036862959718        31.989550392073674       -40.376807730733525        51.513279227900483      -0.90078330341432977     
   9.6399999999998833        471.87902252797142        17.508234022268702        31.934620837349613       -40.503476338368039        51.578596370180762      -0.90314310720407098     
   9.6599999999998829        472.51716589707894        16.696900866320558        31.879716073402797       -40.629839256446509        51.643974817256840      -0.90549289722502557     
   9.6799999999998825        473.15421142012895        15.883043509990090        31.824836231600258       -40.755896376600205        51.709412012015278      -0.90783271293373657     
   9.6999999999998820        473.79015959690463        15.066668070270637        31.769981445969769       -40.881647595344987        51.774905419394443      -0.91016259387125686     
   9.7199999999998816        474.42501092989585        14.247780666176283        31.715151853151735       -41.007092814090385        51.840452526303217      -0.91248257965681423     
   9.7399999999998812        475.05876592435089        13.426387418643898        31.660347592351474       -41.132231939148035        51.906050841538558      -0.91479270998159778     
   9.7599999999998808        475.69142508832732        12.602494450435024        31.605568805291828       -41.257064881739389        51.971697895701752      -0.91709302460266706     
   9.7799999999998803        476.32298893274191        11.776107886037602        31.550815636166146       -41.381591558002818        52.037391241113504      -0.91938356333697902     
   9.7999999999998799        476.95345797141948        10.947233851567574        31.496088231591632       -41.505811889000029        52.103128451727933      -0.92166436605553526     
   9.8199999999998795        477.58283272114102        10.115878474670357        31.441386740563047       -41.629725800721836        52.168907123045422      -0.92393547267764431     
   9.8399999999998791        478.21111370169069        9.2820478844222052        31.386711314406774       -41.753333224093311        52.234724872024401      -0.92619692316530189     
   9.8599999999998786        478.83830143590211        8.4457482112314892        31.332062106735250       -41.876634094978293        52.300579336992179      -0.92844875751768408     
   9.8799999999998782        479.46439644970349        7.6069855867398735        31.277439273401754       -41.999628354183272        52.366468177554708      -0.93069101576575297     
   9.8999999999998778        480.08939927216204        6.7657661437234342        31.222842972455553       -42.122315947460656        52.432389074505423      -0.93292373796697603     
   9.9199999999998774        480.71331043552755        5.9220960159937137        31.168273364097420       -42.244696825511440        52.498339729733175      -0.93514696420015342     
   9.9399999999998769        481.33613047527490        5.0759813382987264        31.113730610635500       -42.366770943987262        52.564317866129301      -0.93736073456035629     
   9.9599999999998765        481.95785993014567        4.2274282462239352        31.059214876441548       -42.488538263491890        52.630321227493781      -0.93956508915397052     
   9.9799999999998761        482.57849934218916        3.3764428760931957        31.004726327907520       -42.609998749582083        52.696347578440658      -0.94176006809384816     
   9.9999999999998757        483.19804925680228        2.5230313648696958        30.950265133402524       -42.731152372767916        52.762394704302622      -0.94394571149456341     
   10.019999999999875        483.81651022276861        1.6671998500568916        30.895831463230145       -42.851999108512530        52.828460411034882      -0.94612205946777084     
   10.039999999999875        484.43388279229680       0.80895446959945361        30.841425489586104       -42.972538937231270        52.894542525118311      -0.94828915211766707     
   10.058800294434343        485.01323212896193        0.0000000000000000        30.787047386516299       -43.092771844290347        52.960638893461841      -0.95044702953655213     
