   Centigrade    Fahrenheit
       0.0000     32.0000
       1.0000     33.8000
       2.0000     35.6000
       3.0000     37.4000
       4.0000     39.2000
       5.0000     41.0000
       6.0000     42.8000
       7.0000     44.6000
       8.0000     46.4000
       9.0000     48.2000
      10.0000     50.0000
      11.0000     51.8000
      12.0000     53.6000
      13.0000     55.4000
      14.0000     57.2000
      15.0000     59.0000
      16.0000     60.8000
      17.0000     62.6000
      18.0000     64.4000
      19.0000     66.2000
      20.0000     68.0000
      21.0000     69.8000
      22.0000     71.6000
      23.0000     73.4000
      24.0000     75.2000
      25.0000     77.0000
      26.0000     78.8000
      27.0000     80.6000
      28.0000     82.4000
      29.0000     84.2000
      30.0000     86.0000
      31.0000     87.8000
      32.0000     89.6000
      33.0000     91.4000
      34.0000     93.2000
      35.0000     95.0000
      36.0000     96.8000
      37.0000     98.6000
      38.0000    100.4000
      39.0000    102.2000
      40.0000    104.0000
